Data/a280-tsp: 280 0.0
Data/ali535-tsp: 535 0.0
Data/att48-tsp: 48 131.46862743635836
Data/att532-tsp: 532 3.1622776601683795
Data/berlin52-tsp: 52 15.0
Data/bier127-tsp: 127 116.0
Data/brd14051-tsp: 14051 1.0
Data/burma14-tsp: 14 0.23000000000000043
Data/ch130-tsp: 130 0.6601809903932513
Data/ch150-tsp: 150 1.649216924729638
Data/close-pairs-1-in: 2 1.0
Data/close-pairs-2-in: 3 10.0
Data/close-pairs-3-in: 3 1.0
Data/close-pairs-4-in: 4 1.0
Data/close-pairs-5-in: 4 1.0
Data/close-pairs-6-in: 20002 1.0
Data/closest-pair-out: 95 0.0
Data/d1291-tsp: 1291 24.999999999999773
Data/d15112-tsp: 15112 12.041594578792296
Data/d1655-tsp: 1655 25.399999999999636
Data/d18512-tsp: 18512 1.0
Data/d198-tsp: 198 22.936869882353186
Data/d2103-tsp: 2103 20.017242567346837
Data/d493-tsp: 493 17.96051224213805
Data/d657-tsp: 657 17.96051224213805
Data/dsj1000-tsp: 1000 679.9088174159826
Data/eil101-tsp: 101 1.4142135623730951
Data/eil51-tsp: 51 2.23606797749979
Data/eil76-tsp: 76 2.23606797749979
Data/fl1400-tsp: 1400 4.1719300090003735
Data/fl1577-tsp: 1577 8.35093407949055
Data/fl3795-tsp: 3795 4.1719300090003735
Data/fl417-tsp: 417 8.35093407949055
Data/fnl4461-tsp: 4461 10.0
Data/gil262-tsp: 262 1.0
Data/gr137-tsp: 137 0.7280109889280534
Data/gr202-tsp: 202 0.03999999999999915
Data/gr229-tsp: 229 0.3712142238654163
Data/gr431-tsp: 431 0.03999999999999915
Data/gr666-tsp: 666 0.02236067977499742
Data/gr96-tsp: 96 0.02236067977499742
Data/kroA100-tsp: 100 13.038404810405298
Data/kroA150-tsp: 150 13.038404810405298
Data/kroA200-tsp: 200 10.295630140987
Data/kroB100-tsp: 100 26.0
Data/kroB150-tsp: 150 8.06225774829855
Data/kroB200-tsp: 200 5.0
Data/kroC100-tsp: 100 17.72004514666935
Data/kroD100-tsp: 100 11.661903789690601
Data/kroE100-tsp: 100 22.135943621178654
Data/lin105-tsp: 105 31.0
Data/lin318-tsp: 318 31.0
Data/linhp318-tsp: 318 31.0
Data/nrw1379-tsp: 1379 2.8284271247461903
Data/p654-tsp: 654 15.0
Data/pcb1173-tsp: 1173 1.0
Data/pcb3038-tsp: 3038 1.0
Data/pcb442-tsp: 442 50.0
Data/pla33810-tsp: 33810 930.3897032964197
Data/pla7397-tsp: 7397 930.3897032964197
Data/pla85900-tsp: 85900 728.0109889280518
Data/pr1002-tsp: 1002 100.0
Data/pr107-tsp: 107 200.0
Data/pr124-tsp: 124 150.0
Data/pr136-tsp: 136 170.0
Data/pr144-tsp: 144 100.0
Data/pr152-tsp: 152 75.23961722390672
Data/pr226-tsp: 226 100.0
Data/pr2392-tsp: 2392 1.0
Data/pr264-tsp: 264 100.0
Data/pr299-tsp: 299 1.0
Data/pr439-tsp: 439 90.13878188659973
Data/pr76-tsp: 76 300.0
Data/rat195-tsp: 195 6.324555320336759
Data/rat575-tsp: 575 2.0
Data/rat783-tsp: 783 1.0
Data/rat99-tsp: 99 4.123105625617661
Data/rd100-tsp: 100 4.796664361824801
Data/rd400-tsp: 400 1.1739771249901285
Data/rl11849-tsp: 11849 9.0
Data/rl1304-tsp: 1304 32.0
Data/rl1323-tsp: 1323 48.0
Data/rl1889-tsp: 1889 32.0
Data/rl5915-tsp: 5915 32.0
Data/rl5934-tsp: 5934 9.0
Data/st70-tsp: 70 1.0
Data/sw24978-tsp: 24978 0.2776999999987311
Data/ts225-tsp: 225 500.0
Data/tsp225-tsp: 225 6.5
Data/u1060-tsp: 1060 70.68239950652483
Data/u1432-tsp: 1432 100.0
Data/u159-tsp: 159 100.0
Data/u1817-tsp: 1817 25.389999999999873
Data/u2152-tsp: 2152 25.389999999999873
Data/u2319-tsp: 2319 100.0
Data/u574-tsp: 574 2.941598205057742
Data/u724-tsp: 724 3.3199999999999363
Data/ulysses16-tsp: 16 0.3883297567789516
Data/ulysses22-tsp: 22 0.08944271909999127
Data/usa13509-tsp: 13509 2.7770000000018626
Data/vm1084-tsp: 1084 22.0
Data/vm1748-tsp: 1748 22.0
Data/wc-instance-1022: 1022 1.0
Data/wc-instance-126: 126 1.0
Data/wc-instance-14: 14 1.0
Data/wc-instance-16382: 16382 1.0
Data/wc-instance-2: 2 1.0
Data/wc-instance-254: 254 1.0
Data/wc-instance-30: 30 1.0
Data/wc-instance-4094: 4094 1.0
Data/wc-instance-6: 6 1.0
Data/wc-instance-62: 62 1.0
Data/wc-instance-65534: 65534 1.0
